1788563961382 0.01439915131777525 0
1788563961429 0.012170417234301567 1
1788563961433 0.011756780557334423 2
1788563961437 0.011548387818038464 3
1788563961441 0.011412850581109524 4
1788563961444 0.01132593397051096 5
1788563961447 0.01126184407621622 6
1788563961450 0.011208854615688324 7
1788563961453 0.011170181445777416 8
1788563961456 0.01113789714872837 9
1788563961459 0.01111246831715107 10
1788563961461 0.01108650490641594 11
1788563961464 0.011063964106142521 12
1788563961466 0.01104704849421978 13
1788563961469 0.011030513793230057 14
