1788057753092 0.014405230060219765 0
1788057753124 0.012173687107861042 1
1788057753128 0.011758828535676003 2
1788057753132 0.011550405994057655 3
1788057753136 0.011415070854127407 4
1788057753139 0.011328521184623241 5
1788057753143 0.011263458989560604 6
1788057753146 0.011210095137357712 7
1788057753149 0.011171097867190838 8
1788057753152 0.01113893836736679 9
1788057753155 0.011112576350569725 10
1788057753158 0.011086390353739262 11
1788057753160 0.011065193451941013 12
1788057753163 0.011047682724893093 13
1788057753165 0.011030581779778004 14
