1788222676294 0.015300172381103039 0
1788222676342 0.013081255368888378 1
1788222676346 0.012685034424066544 2
1788222676350 0.012508236803114414 3
1788222676353 0.012403850443661213 4
1788222676357 0.012340206652879715 5
1788222676360 0.012294940650463104 6
1788222676363 0.012253904715180397 7
1788222676366 0.012223593890666962 8
1788222676369 0.012198462150990963 9
1788222676372 0.01217602752149105 10
1788222676374 0.012150509282946587 11
1788222676377 0.012127813883125782 12
1788222676380 0.012112108990550041 13
1788222676382 0.012097637169063091 14
