1788563961377 0.014951588585972786 0
1788563961430 0.012518487870693207 1
1788563961433 0.012086179107427597 2
1788563961437 0.01186664029955864 3
1788563961441 0.011728258803486824 4
1788563961444 0.011637615039944649 5
1788563961447 0.011570715345442295 6
1788563961451 0.011516585014760494 7
1788563961454 0.011482843197882175 8
1788563961456 0.01144392229616642 9
1788563961459 0.011419505812227726 10
1788563961462 0.011396601796150208 11
1788563961464 0.011372900567948818 12
1788563961467 0.011354202404618263 13
1788563961469 0.011337937787175179 14
