1788137003653 0.014963831752538681 0
1788137003719 0.012536323629319668 1
1788137003723 0.012097197584807873 2
1788137003727 0.011873302049934864 3
1788137003731 0.011731751263141632 4
1788137003735 0.011638589203357697 5
1788137003738 0.011572963558137417 6
1788137003741 0.011516698636114597 7
1788137003745 0.011482910253107548 8
1788137003748 0.011443624272942543 9
1788137003750 0.011418634094297886 10
1788137003753 0.011393501423299313 11
1788137003756 0.011371114291250706 12
1788137003758 0.011351732537150383 13
1788137003761 0.011335615999996662 14
